image: map.pgm
resolution: 0.035000
origin: [-9.575878, -5.072328, 0.000000]
negate: 0
occupied_thresh: 0.65
free_thresh: 0.196

