image: map.pgm
resolution: 0.035000
origin: [-8.731178, -5.709043, 0.000000]
negate: 0
occupied_thresh: 0.65
free_thresh: 0.196
